0 0.011241438356164384 0.33618154158215013 0.022482876712328768 0.06942190669371195
0 0.28383847031963466 0.3548884381338742 0.05960616438356165 0.10746450304259633
0 0.47084189497716894 0.5892292089249493 0.1035216894977169 0.1280324543610548
0 0.6723687214611872 0.6046703853955375 0.04462328767123278 0.08925963488843812
0 0.23125570776255705 0.6721196754563895 0.1294063926940639 0.13588235294117648
0 0.18746575342465754 0.8604563894523327 0.08504566210045662 0.07292089249492899
0 0.7627368721461187 0.14859533468559835 0.09853310502283111 0.09510141987829615
0 0.9500428082191781 0.3698478701825557 0.053453196347031884 0.12075050709939149
0 0.2122888127853881 0.4584026369168357 0.07651826484018265 0.07662271805273835
0 0.7341381278538813 0.33455375253549696 0.042226027397260286 0.06821501014198782
0 0.5340553652968036 0.4048732251521298 0.0335216894977169 0.08923935091277892