0 0.010216894977168949 0.3612170385395537 0.020433789954337898 0.06943204868154156
0 0.20960901826484019 0.3065060851926978 0.03249429223744293 0.11416835699797159
0 0.5566438356164384 0.6926166328600406 0.07198630136986302 0.16730223123732244
0 0.630619292237443 0.5880882352941177 0.05976598173515984 0.10861054766734284
0 0.3312557077625571 0.5934026369168357 0.10121004566210046 0.1332758620689655
0 0.12359018264840183 0.8447058823529412 0.06583333333333331 0.09233265720081132
0 0.85398401826484 0.10941176470588235 0.1096803652968037 0.09456389452332659
0 0.8668122146118723 0.29629310344827586 0.06078196347031964 0.11552738336713998
0 0.1847203196347032 0.41980730223123736 0.06012557077625572 0.0975050709939148
0 0.6865810502283105 0.3174290060851927 0.042226027397260286 0.06820486815415822
0 0.5525228310502283 0.5189705882352941 0.027945205479452076 0.10264705882352933