0 0.02711187214611872 0.37372718052738335 0.05422374429223744 0.10893509127789043
0 0.19670376712328766 0.2650152129817444 0.02371575342465751 0.1125659229208925
0 0.5751341324200914 0.7523377281947262 0.08900114155251139 0.165709939148073
0 0.5971375570776255 0.5547210953346856 0.0509303652968036 0.10759634888438131
0 0.3619577625570777 0.5766480730223125 0.10439497716894976 0.12236308316430018
0 0.10500570776255708 0.8203549695740365 0.058025114155251155 0.10188640973630836
0 0.8874914383561644 0.10504563894523325 0.0837728310502283 0.09538539553752536
0 0.841943493150685 0.27656693711967545 0.05264269406392695 0.11664300202839756
0 0.18222317351598175 0.4140618661257606 0.06511986301369865 0.11731237322515214
0 0.6729195205479451 0.30873225152129813 0.04222031963470321 0.06821501014198787
0 0.12750285388127852 0.5489807302231238 0.0455079908675799 0.05086206896551722
0 0.5441980593607305 0.5433265720081136 0.04847602739726024 0.08523326572008115