0 0.04178082191780822 0.3946044624746451 0.08356164383561644 0.1089655172413793
0 0.19182077625570776 0.22743914807302232 0.0398744292237443 0.11043610547667342
0 0.6009646118721462 0.7583265720081136 0.09076484018264845 0.14014198782961457
0 0.5557619863013699 0.5134026369168357 0.08927511415525119 0.11335699797160248
0 0.3889697488584475 0.5670030425963489 0.09734589041095888 0.11873225152129822
0 0.08116152968036529 0.7921146044624747 0.04018835616438357 0.09061866125760651
0 0.9081820776255708 0.10530425963488843 0.07701484018264831 0.094868154158215
0 0.8097916666666667 0.2666430020283975 0.09343036529680356 0.11661257606490871
0 0.1779423515981735 0.41253549695740366 0.06683219178082192 0.12381338742393508
0 0.6563641552511416 0.30560344827586206 0.042226027397260286 0.06820486815415822
0 0.10902682648401826 0.5337525354969573 0.04085045662100458 0.05866125760649091
0 0.5356164383561643 0.5531440162271806 0.030136986301369836 0.06855983772819475