0 0.07009703196347032 0.42197768762677484 0.086175799086758 0.10736308316430021
0 0.17933504566210046 0.18917849898580122 0.03790525114155249 0.11738336713995944
0 0.6312100456621005 0.7859837728194726 0.10721461187214608 0.14223123732251522
0 0.5102625570776256 0.4904310344827586 0.09751141552511418 0.11852941176470588
0 0.41334189497716894 0.561288032454361 0.06914954337899543 0.11251521298174443
0 0.06699486301369863 0.7660344827586206 0.0456906392694064 0.09206896551724146
0 0.931435502283105 0.11402129817444219 0.06578196347031963 0.09751521298174443
0 0.7740781963470319 0.263184584178499 0.10469748858447492 0.11318458417849901
0 0.1704737442922374 0.4077586206896552 0.06167808219178082 0.11774847870182559
0 0.6358133561643836 0.30777890466531443 0.04222031963470321 0.06821501014198787
0 0.10474600456621004 0.5145334685598377 0.032288812785388143 0.06586206896551718
0 0.5450941780821917 0.5674391480730223 0.027277397260273954 0.07303245436105475