0 0.13835616438356166 0.5073326572008113 0.07066210045662101 0.10926977687626775
0 0.10191780821917808 0.1029868154158215 0.06899543378995433 0.12222109533468561
0 0.7194977168949771 0.8146906693711968 0.10940639269406396 0.11950304259634893
0 0.3835302511415525 0.4354918864097363 0.09779109589041098 0.10603448275862071
0 0.4937928082191781 0.5693356997971603 0.10385273972602742 0.10960446247464502
0 0.03782819634703197 0.6893965517241379 0.020804794520547946 0.0869269776876268
0 0.9831078767123288 0.15096855983772822 0.0337842465753425 0.09542596348884382
0 0.6583561643835617 0.26416835699797164 0.08853881278538807 0.10582150101419875
0 0.1405964611872146 0.3602839756592292 0.05625000000000001 0.11168356997971603
0 0.13130422374429224 0.4412677484787018 0.038864155251141536 0.052352941176470595
0 0.550222602739726 0.6065618661257607 0.02147260273972603 0.07227180527383366