0 0.16822203196347033 0.5712576064908722 0.04078196347031963 0.10417849898580124
0 0.0457277397260274 0.06012677484787018 0.056147260273972606 0.12025354969574036
0 0.7656135844748858 0.8004563894523327 0.09252853881278546 0.13884381338742402
0 0.29725742009132416 0.4258215010141988 0.07546232876712328 0.09302231237322518
0 0.5380964611872147 0.5519878296146045 0.08521118721461185 0.12097363083164298
0 0.038239155251141556 0.647023326572008 0.03629566210045662 0.08911764705882354
0 0.9909246575342465 0.1781288032454361 0.018150684931506823 0.07193711967545639
0 0.5952283105022831 0.2896855983772819 0.0973287671232876 0.10695740365111563
0 0.12731164383561644 0.3333468559837728 0.08133561643835617 0.11606490872210953
0 0.5345319634703196 0.3234229208924949 0.05103881278538817 0.07134888438133871
0 0.1305650684931507 0.4362322515212982 0.023458904109589056 0.05228194726166324
0 0.5607391552511415 0.6206997971602434 0.0229280821917808 0.06488843813387425