0 0.6093150684931506 0.33481744421906695 0.041917808219178114 0.11718052738336711
0 0.40595890410958907 0.7322819472616633 0.08944063926940642 0.167079107505071
0 0.923310502283105 0.5797870182555782 0.029520547945205495 0.14184584178498988
0 0.321943493150685 0.46197261663286004 0.06484589041095891 0.1318762677484787
0 0.2029280821917808 0.29295638945233266 0.06880136986301372 0.06224137931034483
0 0.12430079908675798 0.5181440162271805 0.06640981735159818 0.11503042596348886
0 0.03169805936073059 0.11462474645030425 0.06339611872146118 0.12705882352941178
0 0.7122602739726028 0.46108012170385393 0.048150684931506794 0.0790567951318459
0 0.983781392694064 0.28913286004056793 0.03243721461187211 0.06372210953346857
0 0.9926797945205479 0.4636764705882353 0.014640410958904162 0.05388438133874239
0 0.7799115296803653 0.3698326572008113 0.03699200913242006 0.08319472616632863