0 0.6210502283105023 0.31518255578093307 0.0585388127853881 0.12561866125760648
0 0.44296232876712327 0.7425963488843814 0.0635502283105023 0.1529411764705883
0 0.8979280821917809 0.5362322515212982 0.09912100456621009 0.15593306288032455
0 0.34811358447488583 0.5173782961460446 0.06336187214611871 0.12792089249492905
0 0.2408390410958904 0.2891531440162272 0.07448630136986302 0.06550709939148071
0 0.14753710045662102 0.5090162271805274 0.06642123287671232 0.11503042596348886
0 0.02317351598173516 0.10369168356997971 0.04634703196347032 0.14900608519269776
0 0.7198259132420092 0.44354969574036507 0.03166095890410948 0.07720081135902637
0 0.9947545662100457 0.3018407707910751 0.010490867579908738 0.040334685598377266
0 0.9864440639269406 0.4482352941176471 0.02711187214611872 0.08993914807302232
0 0.7789868721461186 0.37920385395537526 0.029663242009132437 0.08743407707910748