0 0.8799058219178081 0.10331643002028398 0.07876141552511416 0.1256997971602434
0 0.2694006849315069 0.521896551724138 0.0756164383561644 0.12050709939148073
0 0.5346404109589041 0.7907657200811359 0.09430365296803649 0.1517139959432049
0 0.45945205479452056 0.7091683569979716 0.06876712328767125 0.13253549695740371
0 0.5692608447488584 0.4614807302231237 0.07219748858447482 0.06973630831643002
0 0.9670519406392695 0.27526369168357 0.06035958904109589 0.08253549695740367
0 0.3796546803652968 0.5571551724137931 0.09217465753424658 0.11672413793103446
0 0.03133561643835616 0.1077079107505071 0.06267123287671232 0.13204868154158217
0 0.8413384703196347 0.31389452332657203 0.05503995433789958 0.05709939148073018
0 0.7954651826484018 0.4852535496957404 0.10040525114155242 0.12016227180527385
0 0.3765639269406393 0.3180020283975659 0.0904794520547945 0.0994929006085193