0 0.9036929223744292 0.14506085192697768 0.08638127853881288 0.12359026369168358
0 0.2489183789954338 0.5018002028397566 0.0791038812785388 0.1237829614604462
0 0.5023487442922374 0.7955375253549697 0.09724315068493151 0.12738336713995946
0 0.42422374429223747 0.7339452332657201 0.06876712328767125 0.1325354969574036
0 0.5980165525114155 0.4374645030425964 0.06635273972602733 0.06969574036511153
0 0.9733418949771689 0.2817748478701826 0.04234589041095894 0.07864097363083167
0 0.41805650684931506 0.5584787018255578 0.08922945205479454 0.10373225152129814
0 0.029623287671232876 0.1077079107505071 0.05924657534246575 0.13204868154158217
0 0.863347602739726 0.3159837728194726 0.045074200913242025 0.06336713995943206
0 0.7614554794520549 0.5091480730223124 0.09893835616438351 0.12186612576064912
0 0.3386444063926941 0.3073630831643002 0.1149486301369863 0.09906693711967543