0 0.9273316210045662 0.19277383367139958 0.07315639269406397 0.12205882352941176
0 0.22128424657534246 0.47918356997971606 0.0722716894977169 0.1211460446247465
0 0.47868721461187214 0.8054918864097362 0.08417808219178083 0.1255882352941177
0 0.36991438356164386 0.7469776876267749 0.0799200913242009 0.10855983772819469
0 0.6214583333333333 0.40684584178498984 0.052505707762557086 0.07150101419878296
0 0.9764925799086759 0.28737829614604465 0.044160958904109524 0.07899594320486816
0 0.4569948630136986 0.5530476673427992 0.08922945205479454 0.1037221095334686
0 0.029138127853881278 0.1077079107505071 0.058276255707762556 0.13204868154158217
0 0.8712100456621005 0.3154158215010142 0.05748858447488586 0.06369168356997967
0 0.002879566210045662 0.43894016227180527 0.005759132420091324 0.03690669371196753
0 0.7250513698630137 0.5388894523326573 0.08309360730593603 0.11248478701825555
0 0.2926512557077625 0.29974645030425967 0.1149486301369863 0.09340770791075054