0 0.9454880136986301 0.23300202839756592 0.07191210045662101 0.12563894523326571
0 0.20139840182648402 0.4617596348884381 0.07939497716894975 0.12374239350912772
0 0.4636130136986301 0.8267038539553753 0.03281963470319635 0.14691683569979705
0 0.3223430365296804 0.745659229208925 0.09047374429223744 0.11119675456389451
0 0.6462528538812785 0.36928498985801217 0.04809931506849314 0.08090263691683568
0 0.9812813926940639 0.2952332657200812 0.03709474885844749 0.06572008113590265
0 0.4885445205479452 0.5508519269776876 0.09512557077625569 0.10194726166328598
0 0.028881278538812786 0.1077079107505071 0.05776255707762557 0.13204868154158217
0 0.8890496575342466 0.3133012170385395 0.048304794520548006 0.06548681541582149
0 0.007248858447488584 0.4588742393509128 0.014497716894977168 0.06663286004056794
0 0.6960530821917809 0.5653803245436104 0.09313356164383553 0.09418864097363083
0 0.24506563926940642 0.2929868154158215 0.10050799086757989 0.09901622718052738