0 0.9758276255707763 0.3176470588235294 0.048344748858447514 0.10851926977687627
0 0.1577482876712329 0.4258519269776876 0.05950342465753425 0.12111561866125763
0 0.4191780821917809 0.8467951318458419 0.08595890410958905 0.12584178498985804
0 0.2274200913242009 0.7332657200811359 0.08009132420091326 0.11075050709939152
0 0.6975142694063927 0.28625760649087223 0.0688869863013699 0.0800202839756592
0 0.9614098173515981 0.278473630831643 0.05035388127853883 0.07023326572008114
0 0.55375 0.5401926977687627 0.07382420091324196 0.10845841784989858
0 0.02910958904109589 0.10466531440162272 0.05821917808219178 0.13813387423935092
0 0.9138841324200914 0.3373377281947262 0.05379566210045662 0.06812373225152131
0 0.027968036529680364 0.5114604462474645 0.05593607305936073 0.08215010141987823
0 0.6424001141552511 0.5866430020283976 0.046672374429223736 0.10237322515212975
0 0.1721775114155251 0.3105983772819473 0.09948059360730595 0.09462474645030422