0 0.12576198630136984 0.3852028397565923 0.07655821917808217 0.1170182555780933
0 0.37080479452054793 0.860684584178499 0.10302511415525115 0.13015212981744415
0 0.15887842465753427 0.6874340770791074 0.044686073059360724 0.10829614604462483
0 0.7568407534246576 0.22932048681541584 0.06276826484018266 0.0687423935091278
0 0.9269948630136986 0.23935091277890466 0.03208333333333335 0.07139959432048679
0 0.6052939497716895 0.4418762677484787 0.08581621004566217 0.1288235294117647
0 0.02910958904109589 0.09772819472616633 0.05821917808219178 0.15547667342799187
0 0.9371289954337899 0.3706795131845842 0.043093607305936074 0.06898580121703853
0 0.054058219178082186 0.5779969574036511 0.046438356164383555 0.07301217038539555
0 0.6146946347031963 0.6366683569979716 0.0352111872146119 0.10475659229208921
0 0.08989155251141553 0.3402535496957404 0.11770547945205481 0.09409736308316427