0 0.10228595890410958 0.36065922920892496 0.06825913242009132 0.1226977687626775
0 0.3379138127853881 0.8520892494929007 0.10476598173515979 0.13902636916835703
0 0.13870148401826485 0.6597312373225153 0.030017123287671234 0.10650101419878295
0 0.787908105022831 0.20758620689655174 0.06668378995433785 0.06352941176470586
0 0.9021518264840183 0.22976673427991887 0.07046803652968038 0.06703853955375255
0 0.6350171232876712 0.3947363083164301 0.06307077625570777 0.12148073022312376
0 0.030450913242009135 0.09665821501014199 0.06090182648401827 0.1533367139959432
0 0.9573858447488586 0.3672008113590264 0.038173515981735094 0.07634888438133872
0 0.03595890410958904 0.5960395537525356 0.03127853881278539 0.06996957403651116
0 0.9882134703196347 0.5026724137931035 0.023573059360730567 0.07132860040567944
0 0.587982305936073 0.6382403651115619 0.08863584474885843 0.10790060851926976
0 0.9827482876712329 0.6851369168356999 0.034503424657534275 0.07136916835699797
0 0.051986301369863014 0.3606795131845842 0.08684931506849315 0.10277890466531443