0 0.08305650684931506 0.3442038539553752 0.06973173515981734 0.1221399594320487
0 0.31723173515981734 0.8358924949290062 0.10332191780821917 0.13795131845841796
0 0.11995719178082191 0.622581135902637 0.03942351598173516 0.09885395537525357
0 0.8069320776255707 0.1945943204868154 0.04868150684931518 0.05746450304259634
0 0.8806221461187214 0.22280933062880323 0.07046803652968038 0.06703853955375255
0 0.6475171232876711 0.36126774847870186 0.08316210045662104 0.11965517241379306
0 0.030450913242009135 0.09883367139959433 0.06090182648401827 0.14898580121703855
0 0.9640496575342465 0.3601369168356998 0.06873858447488589 0.08134888438133872
0 0.022374429223744295 0.600182555780933 0.04474885844748859 0.0790669371196755
0 0.9665525114155251 0.5276876267748478 0.06689497716894979 0.09006085192697776
0 0.5615496575342466 0.6406389452332657 0.10871575342465749 0.10574036511156186
0 0.9596261415525114 0.731632860040568 0.06753995433789964 0.08176470588235295
0 0.034934360730593604 0.38569472616632855 0.06986872146118721 0.10690669371196757