0 0.06353025114155252 0.32359533468559837 0.080587899543379 0.1205578093306288
0 0.2988755707762557 0.8122109533468559 0.0993949771689498 0.1392697768762678
0 0.09417522831050229 0.5881744421906694 0.055142694063926946 0.10539553752535492
0 0.8133789954337899 0.19098377281947262 0.023561643835616423 0.046024340770791074
0 0.8496404109589041 0.21446754563894524 0.08131278538812788 0.06599391480730223
0 0.6726227168949771 0.331262677484787 0.06876141552511417 0.11597363083164303
0 0.030450913242009135 0.10446247464503043 0.06090182648401827 0.13772819472616635
0 0.9747146118721461 0.3438590263691684 0.05057077625570771 0.08429006085192699
0 0.00865296803652968 0.6068255578093306 0.016712328767123287 0.034340770791075066
0 0.9206050228310503 0.5429056795131847 0.06449771689497717 0.08396551724137934
0 0.5299885844748858 0.6372413793103449 0.0996118721461187 0.1062474645030426
0 0.9205878995433789 0.7801774847870182 0.05590182648401817 0.07453346855983774
0 0.022277397260273973 0.3979006085192698 0.04455479452054795 0.0975050709939148