0 0.038438926940639266 0.3087221095334685 0.0720947488584475 0.12210953346855988
0 0.2783961187214612 0.7921196754563894 0.09023972602739724 0.14618661257606488
0 0.08117294520547945 0.5450152129817444 0.019275114155251138 0.09455375253549697
0 0.8033504566210046 0.1884077079107505 0.01948630136986294 0.04569979716024341
0 0.8229708904109589 0.21273326572008114 0.06809931506849312 0.06601419878296147
0 0.6886444063926941 0.30408722109533465 0.07831621004566199 0.10683569979716025
0 0.030450913242009135 0.10704868154158216 0.06090182648401827 0.13255578093306286
0 0.978892694063927 0.3247413793103448 0.04221461187214614 0.08429006085192699
0 0.8827197488584475 0.5736866125760649 0.07034817351598173 0.08710953346855982
0 0.5043007990867581 0.6283519269776877 0.05703767123287668 0.10516227180527378
0 0.8858447488584474 0.8077738336713997 0.06472602739726033 0.06538539553752538