0 0.024155251141552512 0.28959432048681544 0.048310502283105024 0.12210953346855985
0 0.25600456621004564 0.7673529411764706 0.1012328767123288 0.14967545638945226
0 0.06502283105022832 0.5061206896551724 0.043242009132420094 0.09587221095334683
0 0.8060616438356164 0.1935395537525355 0.014063926940639196 0.04569979716024341
0 0.7939925799086757 0.21362068965517242 0.0756563926940639 0.06951318458417849
0 0.7059817351598174 0.284158215010142 0.032625570776255754 0.10247464503042596
0 0.030450913242009135 0.10704868154158216 0.06090182648401827 0.13255578093306286
0 0.9855022831050227 0.3031490872210953 0.02899543378995431 0.08639959432048681
0 0.8357505707762557 0.5976825557809331 0.07034817351598173 0.08710953346855982
0 0.4769092465753425 0.6138083164300202 0.08396689497716896 0.12998985801217033
0 0.8440696347031963 0.8380679513184585 0.05649543378995435 0.06416835699797159