0 0.006686643835616438 0.25592799188640974 0.013373287671232876 0.10903651115618664
0 0.2160873287671233 0.7190720081135903 0.10287100456621003 0.1421805273833672
0 0.021404109589041095 0.44115111561866127 0.04280821917808219 0.09721095334685595
0 0.8012671232876712 0.20901622718052737 0.024863013698630105 0.05150101419878296
0 0.7560331050228312 0.21964503042596348 0.02492009132420096 0.07174442190669372
0 0.7185787671232877 0.2456338742393509 0.06078767123287671 0.10386409736308314
0 0.03019406392694064 0.10704868154158216 0.06038812785388128 0.13255578093306286
0 0.9800485159817351 0.25921906693711966 0.030507990867579934 0.07973630831643
0 0.7583247716894977 0.6302231237322515 0.02612442922374428 0.07484787018255573
0 0.42456335616438357 0.573184584178499 0.09573630136986302 0.15221095334685603
0 0.7670576484018264 0.8569066937119676 0.05538242009132432 0.06813387423935086