0 0.9869377853881278 0.40658215010141985 0.02612442922374428 0.07628803245436108
0 0.20169235159817353 0.6985801217038539 0.09672945205479454 0.14949290060851925
0 0.010248287671232877 0.4150659229208925 0.020496575342465753 0.097210953346856
0 0.7954651826484018 0.20949797160243408 0.022882420091324285 0.05003042596348883
0 0.7306763698630137 0.2296602434077079 0.07426369863013706 0.07173427991886408
0 0.7370633561643836 0.22791075050709939 0.0760673515981735 0.12267748478701823
0 0.0317351598173516 0.10704868154158216 0.0634703196347032 0.13255578093306286
0 0.9788584474885845 0.24019776876267745 0.027100456621004576 0.08998985801217038
0 0.7239554794520547 0.6358620689655172 0.04642694063926936 0.07655172413793106
0 0.40548230593607304 0.5450152129817444 0.09573630136986302 0.1522008113590263
0 0.735804794520548 0.8709533468559838 0.05327625570776251 0.06813387423935098