0 0.5796461187214612 0.26710446247464503 0.03611872146118726 0.11447261663286004
0 0.9024058219178082 0.38562880324543614 0.08594178082191777 0.13239350912778908
0 0.26999143835616435 0.5604614604462475 0.02508561643835616 0.050882352941176545
0 0.27174657534246577 0.022251521298174443 0.08504566210045662 0.04450304259634889
0 0.8845291095890412 0.22807302231237322 0.059126712328767074 0.10016227180527383
0 0.048544520547945204 0.11630324543610547 0.09708904109589041 0.1343103448275862
0 0.127574200913242 0.4593002028397566 0.05971461187214612 0.06415821501014198
0 0.196509703196347 0.09121196754563894 0.09016552511415524 0.0843103448275862
0 0.13692636986301368 0.5465922920892495 0.06507420091324201 0.06377281947261663
0 0.9742865296803653 0.15283975659229207 0.05142694063926936 0.07829614604462476
0 0.029948630136986305 0.5598782961460446 0.059280821917808216 0.08237322515212979
0 0.8208989726027398 0.47671399594320485 0.056489726027397276 0.09829614604462476